
2 2 0.000032

2 4 0.000142

2 8 0.000604

2 16 0.001984

2 32 0.007394

2 64 0.025761

2 100 0.049875

2 128 0.087149

2 256 0.320469

2 500 0.763359

2 512 0.660312

2 1000 1.532567

2 1024 1.539759

4 2 0.000073

4 4 0.000213

4 8 0.000793

4 16 0.004231

4 32 0.012840

4 64 0.046811

4 100 0.070547

4 128 0.132129

4 256 0.410241

4 500 1.153403

4 512 1.128715

4 1000 3.212851

4 1024 3.015316

8 2 0.000141

8 4 0.000383

8 8 0.001024

8 16 0.004276

8 32 0.017965

8 64 0.062894

8 100 0.134454

8 128 0.171560

8 256 0.698120

8 500 1.939864

8 512 2.008766

8 1000 4.799040

8 1024 3.545481

16 2 0.000187

16 4 0.000785

16 8 0.002086

16 16 0.005513

16 32 0.020480

16 64 0.079825

16 100 0.184332

16 128 0.274784

16 256 0.901613

16 500 2.388060

16 512 3.236346

16 1000 7.597341

16 1024 7.910050

32 2 0.000158

32 4 0.000495

32 8 0.001245

32 16 0.002953

32 32 0.009085

32 64 0.034321

32 100 0.073193

32 128 0.116586

32 256 0.363836

32 500 0.975729

32 512 1.008731

32 1000 2.464002

32 1024 2.584689

64 2 0.000117

64 4 0.000272

64 8 0.000731

64 16 0.002711

64 32 0.005379

64 64 0.015524

64 100 0.028808

64 128 0.054064

64 256 0.172385

64 500 0.479473

64 512 0.495502

64 1000 1.252250

64 1024 1.298295

100 2 0.000064

100 4 0.000173

100 8 0.000593

100 16 0.001554

100 32 0.003129

100 64 0.008460

100 100 0.015775

100 128 0.023854

100 256 0.082821

100 500 0.227048

100 512 0.240294

100 1000 0.625841

100 1024 0.648638

128 2 0.000062

128 4 0.000276

128 8 0.000862

128 16 0.002323

128 32 0.003848

128 64 0.009113

128 100 0.015307

128 128 0.024294

128 256 0.077782

128 500 0.238818

128 512 0.249018

128 1000 0.642116

128 1024 0.666123

256 2 0.000064

256 4 0.000220

256 8 0.000776

256 16 0.002034

256 32 0.003866

256 64 0.006194

256 100 0.009731

256 128 0.016386

256 256 0.041222

256 500 0.122918

256 512 0.125387

256 1000 0.332156

256 1024 0.344182

500 2 0.000034

500 4 0.000177

500 8 0.000612

500 16 0.001896

500 32 0.003239

500 64 0.005691

500 100 0.008470

500 128 0.011890

500 256 0.028240

500 500 0.065014

500 512 0.066793

500 1000 0.184435

500 1024 0.197972

512 2 0.000032

512 4 0.000141

512 8 0.000578

512 16 0.001920

512 32 0.002951

512 64 0.005186

512 100 0.008360

512 128 0.012707

512 256 0.026085

512 500 0.064084

512 512 0.067674

512 1000 0.191803

512 1024 0.192148

1000 2 0.000015

1000 4 0.000062

1000 8 0.000253

1000 16 0.000921

1000 32 0.001911

1000 64 0.004158

1000 100 0.006552

1000 128 0.009248

1000 256 0.020571

1000 500 0.044655

1000 512 0.046726

1000 1000 0.102381

1000 1024 0.105475

1024 2 0.000025

1024 4 0.000137

1024 8 0.000528

1024 16 0.001852

1024 32 0.002723

1024 64 0.005067

1024 100 0.006796

1024 128 0.009609

1024 256 0.018191

1024 500 0.044105

1024 512 0.045224

1024 1000 0.100134

1024 1024 0.098947

2048 2 0.000017

2048 4 0.000053

2048 8 0.000236

2048 16 0.000842

2048 32 0.001849

2048 64 0.003458

2048 100 0.004795

2048 128 0.006708

2048 256 0.014034

2048 500 0.029027

2048 512 0.030314

2048 1000 0.061525

2048 1024 -0.061549
