#m,n,qr2 time
2 2 0.000252
2 4 0.000225
2 8 0.000212
2 16 0.000258
2 32 0.000277
2 64 0.000318
2 100 0.000401
2 128 0.000376
2 256 0.000409
2 500 0.000655
2 512 0.000794
2 1000 0.001305
2 1024 0.001362

4 2 0.000218
4 4 0.000301
4 8 0.000323
4 16 0.000242
4 32 0.000319
4 64 0.000350
4 100 0.000567
4 128 0.000496
4 256 0.000639
4 500 0.000867
4 512 0.000929
4 1000 0.001245
4 1024 0.001391

8 2 0.000227
8 4 0.000334
8 8 0.000500
8 16 0.000479
8 32 0.000456
8 64 0.000521
8 100 0.000595
8 128 0.000764
8 256 0.000751
8 500 0.001031
8 512 0.001044
8 1000 0.001667
8 1024 0.002366

16 2 0.000342
16 4 0.000326
16 8 0.000491
16 16 0.000743
16 32 0.000800
16 64 0.000821
16 100 0.000868
16 128 0.000954
16 256 0.001163
16 500 0.001675
16 512 0.001296
16 1000 0.002106
16 1024 0.002121

32 2 0.000811
32 4 0.001035
32 8 0.001645
32 16 0.002774
32 32 0.003607
32 64 0.003819
32 100 0.004372
32 128 0.004497
32 256 0.005764
32 500 0.008199
32 512 0.008316
32 1000 0.012987
32 1024 0.012982

64 2 0.002187
64 4 0.003761
64 8 0.005607
64 16 0.006043
64 32 0.012183
64 64 0.016886
64 100 0.022216
64 128 0.019395
64 256 0.024331
64 500 0.033370
64 512 0.033859
64 1000 0.051108
64 1024 0.051690

100 2 0.006281
100 4 0.009257
100 8 0.010795
100 16 0.016475
100 32 0.032723
100 64 0.048418
100 100 0.063391
100 128 0.068685
100 256 0.079130
100 500 0.110109
100 512 0.109093
100 1000 0.159785
100 1024 0.161658

128 2 0.008300
128 4 0.007418
128 8 0.009508
128 16 0.014106
128 32 0.034065
128 64 0.057533
128 100 0.083621
128 128 0.086323
128 256 0.107847
128 500 0.133993
128 512 0.134747
128 1000 0.199341
128 1024 0.201491

256 2 0.015976
256 4 0.018607
256 8 0.021122
256 16 0.032221
256 32 0.067804
256 64 0.169278
256 100 0.263083
256 128 0.255962
256 256 0.407001
256 500 0.520671
256 512 0.535215
256 1000 0.770723
256 1024 0.779922

500 2 0.058194
500 4 0.045305
500 8 0.052294
500 16 0.067526
500 32 0.158073
500 64 0.359840
500 100 0.590306
500 128 0.688972
500 256 1.160345
500 500 1.922677
500 512 1.962368
500 1000 2.710984
500 1024 2.648292

512 2 0.063111
512 4 0.057918
512 8 0.056731
512 16 0.068284
512 32 0.177670
512 64 0.404380
512 100 0.612404
512 128 0.660163
512 256 1.286374
512 500 1.997386
512 512 1.983310
512 1000 2.669405
512 1024 2.794048

1000 2 0.259151
1000 4 0.256962
1000 8 0.253148
1000 16 0.278026
1000 32 0.535890
1000 64 0.985191
1000 100 1.526285
1000 128 1.771643
1000 256 3.185913
1000 500 5.598444
1000 512 5.610241
1000 1000 9.767396
1000 1024 9.941442

1024 2 0.161353
1024 4 0.120011
1024 8 0.124234
1024 16 0.141573
1024 32 0.385140
1024 64 0.827837
1024 100 1.506753
1024 128 1.746012
1024 256 3.689108
1024 500 5.804392
1024 512 5.935703
1024 1000 10.226292
1024 1024 10.851719

2048 2 0.478198
2048 4 0.614695
2048 8 0.554902
2048 16 0.622428
2048 32 1.134440
2048 64 2.426107
2048 100 4.271332
2048 128 5.001812
2048 256 9.563722
2048 500 17.639024
2048 512 17.710468
2048 1000 33.287401
2048 1024 34.890806



#m,n,qr time
2 2 0.000168
2 4 0.000238
2 8 0.000202
2 16 0.000250
2 32 0.000194
2 64 0.000255
2 100 0.000356
2 128 0.000400
2 256 0.000748
2 500 0.000713
2 512 0.000872
2 1000 0.002163
2 1024 0.001348

4 2 0.000357
4 4 0.000234
4 8 0.000412
4 16 0.000281
4 32 0.000269
4 64 0.000342
4 100 0.000443
4 128 0.000546
4 256 0.000627
4 500 0.000924
4 512 0.000925
4 1000 0.001374
4 1024 0.002322

8 2 0.000355
8 4 0.000322
8 8 0.000605
8 16 0.000466
8 32 0.000495
8 64 0.000496
8 100 0.000663
8 128 0.000760
8 256 0.001035
8 500 0.001178
8 512 0.001132
8 1000 0.002149
8 1024 0.001885

16 2 0.000225
16 4 0.000360
16 8 0.000559
16 16 0.000756
16 32 0.001068
16 64 0.000900
16 100 0.000921
16 128 0.000889
16 256 0.001120
16 500 0.001483
16 512 0.001418
16 1000 0.002513
16 1024 0.002178

32 2 0.000969
32 4 0.001064
32 8 0.001674
32 16 0.002826
32 32 0.003636
32 64 0.003760
32 100 0.004188
32 128 0.004108
32 256 0.004781
32 500 0.006761
32 512 0.005769
32 1000 0.007866
32 1024 0.007967

64 2 0.002934
64 4 0.003936
64 8 0.005453
64 16 0.008979
64 32 0.015222
64 64 0.019390
64 100 0.020605
64 128 0.021417
64 256 0.025686
64 500 0.028792
64 512 0.028446
64 1000 0.038354
64 1024 0.038931

100 2 0.007413
100 4 0.009152
100 8 0.012396
100 16 0.019154
100 32 0.035957
100 64 0.060218
100 100 0.073924
100 128 0.075551
100 256 0.093602
100 500 0.111026
100 512 0.107330
100 1000 0.131495
100 1024 0.117973

128 2 0.010421
128 4 0.012092
128 8 0.016326
128 16 0.024075
128 32 0.045132
128 64 0.079837
128 100 0.104076
128 128 0.106315
128 256 0.116226
128 500 0.135685
128 512 0.132371
128 1000 0.166587
128 1024 0.160280

256 2 0.050555
256 4 0.054384
256 8 0.060608
256 16 0.069014
256 32 0.132287
256 64 0.250238
256 100 0.389531
256 128 0.442793
256 256 0.613729
256 500 0.674011
256 512 0.691533
256 1000 0.767794
256 1024 0.822134

500 2 0.199079
500 4 0.205897
500 8 0.217652
500 16 0.199689
500 32 0.394631
500 64 0.774972
500 100 1.358603
500 128 1.501692
500 256 2.651132
500 500 3.717669
500 512 3.726389
500 1000 4.068899
500 1024 4.002266

512 2 0.210451
512 4 0.218259
512 8 0.226769
512 16 0.211903
512 32 0.411508
512 64 0.820476
512 100 1.398109
512 128 1.532842
512 256 2.721191
512 500 3.785814
512 512 3.708036
512 1000 3.952529
512 1024 4.210460

1000 2 0.645229
1000 4 0.659856
1000 8 0.681465
1000 16 0.658207
1000 32 1.319903
1000 64 2.629173
1000 100 4.505090
1000 128 5.111656
1000 256 9.626407
1000 500 16.766683
1000 512 16.680823
1000 1000 23.538025
1000 1024 23.219628

1024 2 0.682297
1024 4 0.704311
1024 8 0.721178
1024 16 0.706190
1024 32 1.385254
1024 64 2.730172
1024 100 4.738344
1024 128 5.400378
1024 256 10.121164
1024 500 17.889593
1024 512 17.892109
1024 1000 24.743585
1024 1024 24.880823

2048 2 2.529648
2048 4 2.561894
2048 8 2.611836
2048 16 2.586509
2048 32 5.083175
2048 64 10.027734
2048 100 17.419897
2048 128 19.865726
2048 256 38.586572
2048 500 73.136538
2048 512 73.000311
2048 1000 126.036494
2048 1024 127.097787

