
2 2 0.000048

2 4 0.000134

2 8 0.000634

2 16 0.002048

2 32 0.010557

2 64 0.032125

2 100 0.056180

2 128 0.081920

2 256 0.175230

2 500 0.701262

2 512 0.601248

2 1000 0.924642

2 1024 1.555751

4 2 0.000045

4 4 0.000274

4 8 0.000621

4 16 0.003644

4 32 0.015227

4 64 0.047906

4 100 0.090293

4 128 0.120029

4 256 0.418093

4 500 1.082251

4 512 1.133596

4 1000 2.911208

4 1024 1.806332

8 2 0.000090

8 4 0.000398

8 8 0.000846

8 16 0.004395

8 32 0.016549

8 64 0.066065

8 100 0.120664

8 128 0.172463

8 256 0.506558

8 500 1.697793

8 512 1.852608

8 1000 3.722662

8 1024 4.450190

16 2 0.000284

16 4 0.000711

16 8 0.001832

16 16 0.005418

16 32 0.015341

16 64 0.072818

16 100 0.173724

16 128 0.294875

16 256 0.936229

16 500 2.697235

16 512 2.957901

16 1000 6.366892

16 1024 7.703038

32 2 0.000132

32 4 0.000481

32 8 0.001223

32 16 0.002899

32 32 0.009012

32 64 0.034860

32 100 0.076409

32 128 0.127626

32 256 0.438643

32 500 1.183257

32 512 1.454084

32 1000 4.068141

32 1024 4.211677

64 2 0.000087

64 4 0.000260

64 8 0.000751

64 16 0.001825

64 32 0.004305

64 64 0.013520

64 100 0.031060

64 128 0.048960

64 256 0.163291

64 500 0.555710

64 512 0.589792

64 1000 1.668666

64 1024 1.723790

100 2 0.000054

100 4 0.000175

100 8 0.000516

100 16 0.001337

100 32 0.002848

100 64 0.006802

100 100 0.013527

100 128 0.021686

100 256 0.070016

100 500 0.225172

100 512 0.244241

100 1000 0.760485

100 1024 0.888827

128 2 0.000049

128 4 0.000169

128 8 0.000502

128 16 0.001361

128 32 0.002904

128 64 0.006567

128 100 0.012299

128 128 0.019726

128 256 0.072175

128 500 0.235840

128 512 0.253488

128 1000 0.768367

128 1024 0.837395

256 2 0.000020

256 4 0.000075

256 8 0.000270

256 16 0.000950

256 32 0.001982

256 64 0.004190

256 100 0.006572

256 128 0.009472

256 256 0.027337

256 500 0.094954

256 512 0.097044

256 1000 0.333423

256 1024 0.326511

500 2 0.000010

500 4 0.000039

500 8 0.000147

500 16 0.000641

500 32 0.001297

500 64 0.002643

500 100 0.003680

500 128 0.005455

500 256 0.012360

500 500 0.033623

500 512 0.035174

500 1000 0.122883

500 1024 0.130998

512 2 0.000010

512 4 0.000038

512 8 0.000144

512 16 0.000619

512 32 0.001274

512 64 0.002556

512 100 0.003662

512 128 0.005473

512 256 0.012331

512 500 0.033810

512 512 0.036196

512 1000 0.129537

512 1024 0.127509

1000 2 0.000006

1000 4 0.000024

1000 8 0.000094

1000 16 0.000389

1000 32 0.000776

1000 64 0.001558

1000 100 0.002220

1000 128 0.003205

1000 256 0.006808

1000 500 0.014911

1000 512 0.015715

1000 1000 0.042484

1000 1024 0.045159

1024 2 0.000006

1024 4 0.000023

1024 8 0.000091

1024 16 0.000371

1024 32 0.000757

1024 64 0.001536

1024 100 0.002161

1024 128 0.003107

1024 256 0.006631

1024 500 0.014310

1024 512 0.015003

1024 1000 0.041384

1024 1024 0.043155

2048 2 0.000003

2048 4 0.000013

2048 8 0.000050

2048 16 0.000203

2048 32 0.000413

2048 64 0.000837

2048 100 0.001176

2048 128 0.001689

2048 256 0.003478

2048 500 0.007001

2048 512 0.007354

2048 1000 0.016249

2048 1024 -0.016896
