#m,n,QR b=8
2 2 0.000022
2 4 0.000158
2 8 0.000650
2 16 0.002116
2 32 0.008790
2 64 0.021333
2 100 0.042194
2 128 0.056302
2 256 0.277695
2 500 0.618812
2 512 0.622670
2 1000 2.358491
2 1024 1.540891

4 2 0.000046
4 4 0.000250
4 8 0.001058
4 16 0.004285
4 32 0.016190
4 64 0.046414
4 100 0.100756
4 128 0.187782
4 256 0.598502
4 500 1.569859
4 512 1.208037
4 1000 2.617801
4 1024 2.914735

8 2 0.000095
8 4 0.000454
8 8 0.001358
8 16 0.006942
8 32 0.025129
8 64 0.073636
8 100 0.168421
8 128 0.274784
8 256 0.729191
8 500 1.928640
8 512 2.557502
8 1000 4.634994
8 1024 5.493522

16 2 0.000151
16 4 0.000558
16 8 0.001561
16 16 0.005082
16 32 0.015255
16 64 0.053023
16 100 0.142222
16 128 0.178572
16 256 0.671734
16 500 1.131542
16 512 1.467566
16 1000 4.164498
16 1024 4.534383

32 2 0.000128
32 4 0.000403
32 8 0.001464
32 16 0.002549
32 32 0.007058
32 64 0.024541
32 100 0.084567
32 128 0.093589
32 256 0.265698
32 500 0.772275
32 512 1.094119
32 1000 2.309636
32 1024 2.445124

64 2 0.000082
64 4 0.000250
64 8 0.000805
64 16 0.001631
64 32 0.003766
64 64 0.011229
64 100 0.041702
64 128 0.036153
64 256 0.125293
64 500 0.354029
64 512 0.452521
64 1000 1.069376
64 1024 1.107846

100 2 0.000048
100 4 0.000180
100 8 0.000875
100 16 0.001212
100 32 0.002458
100 64 0.006249
100 100 0.012130
100 128 0.019533
100 256 0.066975
100 500 0.195497
100 512 0.195810
100 1000 0.750435
100 1024 0.936613

128 2 0.000062
128 4 0.000143
128 8 0.001182
128 16 0.001293
128 32 0.002526
128 64 0.009410
128 100 0.018010
128 128 0.014679
128 256 0.055568
128 500 0.159347
128 512 0.143520
128 1000 0.467230
128 1024 0.895173

256 2 0.000034
256 4 0.000070
256 8 0.000339
256 16 0.000692
256 32 0.001301
256 64 0.005415
256 100 0.009270
256 128 0.012577
256 256 0.028704
256 500 0.058838
256 512 0.076814
256 1000 0.287125
256 1024 0.277513

500 2 0.000012
500 4 0.000056
500 8 0.000411
500 16 0.000564
500 32 0.001234
500 64 0.003257
500 100 0.004329
500 128 0.006079
500 256 0.014160
500 500 0.039670
500 512 0.041972
500 1000 0.115663
500 1024 0.131073

512 2 0.000011
512 4 0.000091
512 8 0.000209
512 16 0.000462
512 32 0.001605
512 64 0.003033
512 100 0.004680
512 128 0.006244
512 256 0.013002
512 500 0.040246
512 512 0.041370
512 1000 0.120554
512 1024 0.102586

1000 2 0.000010
1000 4 0.000054
1000 8 0.000164
1000 16 0.000370
1000 32 0.000897
1000 64 0.001669
1000 100 0.002486
1000 128 0.003444
1000 256 0.007178
1000 500 0.015653
1000 512 0.016177
1000 1000 0.040627
1000 1024 0.046839

1024 2 0.000013
1024 4 0.000051
1024 8 0.000211
1024 16 0.000426
1024 32 0.000755
1024 64 0.001651
1024 100 0.002431
1024 128 0.003336
1024 256 0.007205
1024 500 0.014970
1024 512 0.015554
1024 1000 0.040117
1024 1024 0.044635

2048 2 0.000006
2048 4 0.000025
2048 8 0.000105
2048 16 0.000212
2048 32 0.000425
2048 64 0.000831
2048 100 0.001296
2048 128 0.001743
2048 256 0.003519
2048 500 0.006990
2048 512 0.007457
2048 1000 0.016653
2048 1024 -0.016989
