#m,n,lapack time
2 2 0.000558137893677
2 4 8.70227813721e-05
2 8 8.58306884766e-05
2 16 8.70227813721e-05
2 32 8.9168548584e-05
2 64 0.000102996826172
2 128 0.000119924545288
2 256 0.000163078308105
2 512 0.000232934951782
2 1024 0.000398874282837
2 2048 0.000769853591919

4 2 0.000115871429443
4 4 9.70363616943e-05
4 8 9.79900360107e-05
4 16 0.000101804733276
4 32 0.000109195709229
4 64 0.000124931335449
4 128 0.000157117843628
4 256 0.000220060348511
4 512 0.000358819961548
4 1024 0.000635147094727
4 2048 0.00121903419495

8 2 8.70227813721e-05
8 4 9.79900360107e-05
8 8 0.000130176544189
8 16 0.000136137008667
8 32 0.000153064727783
8 64 0.000186920166016
8 128 0.000256061553955
8 256 0.000380992889404
8 512 0.00064492225647
8 1024 0.0011739730835
8 2048 0.00229096412659

16 2 8.89301300049e-05
16 4 0.000103950500488
16 8 0.000143051147461
16 16 0.000207901000977
16 32 0.000247001647949
16 64 0.000314950942993
16 128 0.000454902648926
16 256 0.000895023345947
16 512 0.00129318237305
16 1024 0.00242304801941
16 2048 0.00481510162354

32 2 9.89437103271e-05
32 4 0.000113964080811
32 8 0.000156164169312
32 16 0.000255823135376
32 32 0.000463008880615
32 64 0.000625133514404
32 128 0.000943899154663
32 256 0.00157904624939
32 512 0.00284504890442
32 1024 0.00557804107666
32 2048 0.0109741687775

64 2 0.000144004821777
64 4 0.000130176544189
64 8 0.000190019607544
64 16 0.000331878662109
64 32 0.000668048858643
64 64 0.0014750957489
64 128 0.00227689743042
64 256 0.00388598442078
64 512 0.00722908973694
64 1024 0.0141999721527
64 2048 0.0279541015625

128 2 0.000157117843628
128 4 0.000163078308105
128 8 0.0002601146698
128 16 0.000493049621582
128 32 0.00107383728027
128 64 0.00264382362366
128 128 0.00680088996887
128 256 0.0115268230438
128 512 0.0217289924622
128 1024 0.0411911010742
128 2048 0.0807950496674

256 2 0.000240087509155
256 4 0.000229120254517
256 8 0.000398874282837
256 16 0.000804901123047
256 32 0.00186920166016
256 64 0.00487589836121
256 128 0.0141179561615
256 256 0.0473799705505
256 512 0.0817170143127
256 1024 0.150775909424
256 2048 0.294214010239

512 2 0.000416994094849
512 4 0.000355958938599
512 8 0.000678062438965
512 16 0.00144791603088
512 32 0.00345993041992
512 64 0.00961399078369
512 128 0.0292310714722
512 256 0.105262994766
512 512 0.32654094696
512 1024 0.575634002686
512 2048 1.08214783669

1024 2 0.000737905502319
1024 4 0.000609874725342
1024 8 0.00122690200806
1024 16 0.00271010398865
1024 32 0.0068027973175
1024 64 0.0188510417938
1024 128 0.0580730438232
1024 256 0.219737052917
1024 512 0.771188020706
1024 1024 2.41117811203
1024 2048 4.34603691101

2048 2 0.00136399269104
2048 4 0.0011260509491
2048 8 0.00240206718445
2048 16 0.00538301467896
2048 32 0.0133459568024
2048 64 0.0381259918213
2048 128 0.118119955063
2048 256 0.454774856567
2048 512 1.65870714188
2048 1024 5.95178890228
2048 2048 19.1082980633