#m,n,gflps
2 2 1.43333754806e-05
2 4 0.00036771980274
2 8 0.00149130808889
2 16 0.00588351684384
2 32 0.0229677395508
2 64 0.0795364314074
2 128 0.273238476087
2 256 0.803736570012
2 512 2.25079145911
2 1024 5.25767664208
2 2048 10.8963679433

4 2 0.000138084082305
4 4 0.000659546574939
4 8 0.00261251052068
4 16 0.0100584714192
4 32 0.0375106314061
4 64 0.131144039573
4 128 0.417113667593
4 256 1.1912368665
4 512 2.9222900406
4 1024 6.6036734401
4 2048 13.7627115544

8 2 0.00036771980274
8 4 0.00130625526034
8 8 0.00393312023443
8 16 0.0150436682872
8 32 0.0535198416947
8 64 0.175304787592
8 128 0.511876921683
8 256 1.37610967181
8 512 3.25179039638
8 1024 7.14548580196
8 2048 14.6464240145

16 2 0.000719666101877
16 4 0.0024627106055
16 8 0.00715827882667
16 16 0.019701684844
16 32 0.066331541251
16 64 0.208083199806
16 128 0.576263955857
16 256 1.17156273604
16 512 3.24339713208
16 1024 6.92401300577
16 2048 13.9371646222

32 2 0.00129366484819
32 4 0.00449264361506
32 8 0.0131144039573
32 16 0.0320221233625
32 32 0.0707718606962
32 64 0.209670409568
32 128 0.555449167859
32 256 1.3281130941
32 512 2.94849342905
32 1024 6.01545086149
32 2048 12.230332039

64 2 0.00177771825166
64 4 0.00786624046886
64 8 0.0215556702434
64 16 0.0493674401839
64 32 0.0981006091877
64 64 0.177713209597
64 128 0.460528430482
64 256 1.07934143471
64 512 2.32079232801
64 1024 4.72598560605
64 2048 9.60272163997

128 2 0.00325870052807
128 4 0.0125583839064
128 8 0.0314938023538
128 16 0.0664598421044
128 32 0.122059461343
128 64 0.198306723379
128 128 0.308364347843
128 256 0.727746749309
128 512 1.54422401584
128 1024 3.25841564075
128 2048 6.6448490868

256 2 0.00426511151539
256 4 0.0178770751134
256 8 0.0410755987663
256 16 0.0814211809668
256 32 0.140243830073
256 64 0.215052883043
256 128 0.297090028615
256 256 0.354099333644
256 512 0.821234899053
256 1024 1.780360384
256 2048 3.64952648968

512 2 0.00491134053288
512 4 0.0230138904005
512 8 0.048325933007
512 16 0.0905245865121
512 32 0.151531370972
512 64 0.218135428584
512 128 0.286975727455
512 256 0.318767598001
512 512 0.411028782912
512 1024 0.932660179029
512 2048 1.98446420646

1024 2 0.005550846263
1024 4 0.0268645335168
1024 8 0.0534158388931
1024 16 0.0967283916404
1024 32 0.154138944769
1024 64 0.22249719914
1024 128 0.288898512898
1024 256 0.305405315621
1024 512 0.34808042759
1024 1024 0.445318335731
1024 2048 0.988249152951

2048 2 0.00600589728509
2048 4 0.0290999266297
2048 8 0.0545663338847
2048 16 0.0973967249337
2048 32 0.157137628351
2048 64 0.220023338391
2048 128 0.284070815826
2048 256 0.295130054052
2048 512 0.323668294689
2048 1024 0.360813140933
2048 2048 0.449539491354